163 402
163 659
163 1696
163 2295
163 1274
163 1286
163 1544
163 2600
163 2363
163 1905
163 1611
163 141
163 1807
163 1110
163 174
163 2521
163 1792
163 1675
163 1334
163 813
163 1799
163 1943
163 2077
163 765
163 769
163 781
163 940
163 942
163 1590
163 1734
163 1872
163 2286
163 390
163 1717
163 1030
163 2274
163 2518
163 606
163 800
163 1575
163 546
163 1070
163 309
163 935
163 1205
163 1571
163 1971
163 1127
163 530
163 856
163 2604
163 910
163 2173
163 191
163 1253
163 1728
163 1729
163 1206
163 2177
163 1136
163 1457
163 2265
163 1225
163 2563
163 1689
163 1498
163 563
163 2396
163 717
163 1890
163 188
163 982
163 1130
163 55
163 346
163 2673
163 1379
163 1380
163 1207
163 2451
163 961
163 42
163 624
163 1573
163 2232
163 145
163 2361
163 2659
163 743
163 744
163 1139
163 1572
163 1303
163 1305
163 129
163 415
163 2204
163 1224
163 219
163 2667
163 727
163 448
163 237
163 2557
163 2200
163 22
163 1218
163 2202
163 1069
163 1178
163 2175
163 966
163 1219
163 757
163 1685
163 1691
163 1850
163 1159
163 1410
163 380
163 1536
163 1650
163 1558
163 2564
163 2298
163 1362
163 1784
163 1831
163 1065
163 290
163 1277
163 395
163 1098
163 1404
163 1099
163 2196
163 2554
163 1715
163 2248
163 2251
163 2280
163 2296
163 1113
163 714
163 2638
163 602
163 1530
163 1257
163 2259
163 689
163 1060
163 2039
163 1594
163 2116
163 1775
163 422
163 2316
163 266
163 658
163 1333
163 1153
163 1515
163 1114
163 523
163 1106
163 1467
168 475
168 1756
168 2604
552 548
552 374
552 451
552 472
552 2
552 305
552 239
552 446
552 644
552 220
552 311
552 653
552 16
552 173
552 554
552 559
552 412
552 723
552 85
552 688
552 621
552 636
552 738
552 749
552 57
552 60
552 210
552 671
552 167
552 92
552 691
552 367
552 466
552 473
552 483
552 575
552 455
552 298
552 601
552 370
552 306
552 277
1459 2078
1459 2221
1459 1687
1459 2404
1459 775
1459 1540
1459 633
1459 749
1459 57
1459 45
1459 1137
1459 210
1459 671
1459 167
1459 473
1459 566
1459 804
554 446
554 1859
554 167
554 306
559 34
559 1816
559 167
682 1791
682 2430
87 383
87 47
87 2245
92 2438
1892 2131
1994 2097
1994 2241
1994 1995
1994 1800
1995 2097
1995 1907
1995 1800
523 478
523 870
523 2442
523 2600
523 1616
523 2551
523 910
523 882
523 283
523 1214
523 1687
523 1931
523 2408
523 961
523 54
523 2642
523 1676
523 508
523 540
523 415
523 1790
523 465
523 565
523 2480
523 551
523 1921
523 277
608 394
608 2230
608 680
608 975
608 179
608 133
608 611
611 899
611 2230
611 2501
611 1103
611 2340
611 2352
611 718
611 864
611 2505
611 1755
611 1763
611 2050
611 386
611 179
611 716
611 1732
611 511
611 2540
611 2676
611 2385
611 1668
611 28
611 633
611 1352
611 579
611 1493
611 133
611 1116
611 1564
611 368
611 1488
611 2378
611 938
611 1265
611 1935
611 1499
611 2260
611 1315
611 2325
611 601
611 413
1534 1597
1534 1163
1534 1556
1534 1498
1534 1278
1534 1122
1534 289
1534 1148
1535 1348
1535 629
1535 289
1537 1556
1537 1348
1537 629
1537 289
1537 1535
612 2568
612 289
612 1046
2302 403
2302 1353
2302 2111
2302 1880
2302 2104
402 403
402 681
403 2104
2309 403
2309 681
2309 1325
2527 1956
2527 2100
2527 1961
2537 1846
2537 2198
2537 451
2537 1927
1560 2198
1560 535
1560 791
1560 1161
1560 456
638 2465
638 2146
638 701
638 862
638 722
638 1808
638 1189
638 383
638 618
638 1460
638 1312
638 1468
638 1895
638 2673
638 2171
638 441
638 227
638 296
638 2541
638 2045
638 1327
638 264
638 779
638 348
638 89
638 1027
638 521
638 2426
638 375
638 1539
638 1919
638 449
747 83
747 336
747 73
747 600
747 203
747 349
747 112
747 234
747 458
747 680
747 695
747 198
747 502
747 724
747 328
747 397
747 737
747 599
747 665
747 545
747 186
747 494
747 609
747 610
747 315
747 330
747 386
747 620
747 229
747 235
747 700
747 628
747 526
747 527
747 763
747 146
747 283
747 104
747 771
747 572
747 699
747 217
747 110
747 202
747 204
747 43
747 655
747 72
747 579
747 26
747 685
747 368
747 18
747 779
747 542
747 588
747 703
747 741
747 310
747 124
747 127
747 719
747 153
747 205
747 207
747 113
747 696
747 489
747 561
747 369
747 175
747 353
747 91
747 362
66 2359
66 1248
66 2294
66 69
66 215
66 2310
66 1531
66 2441
66 2122
66 183
66 34
66 1698
66 149
66 2520
66 288
66 2157
1136 1286
1136 1030
1136 800
1136 1740
1136 1575
1136 935
1136 1063
1136 1142
1136 1018
1136 727
1136 1558
1136 1516
1136 1060
1136 1594
1136 1333
1142 1018
345 117
345 2389
345 2266
345 1924
345 261
1256 881
1351 900
2474 2425
2474 2078
580 922
580 1212
1496 1125
1497 901
1497 1163
1497 580
1497 1212
581 222
581 49
581 50
581 580
582 818
582 259
582 1792
582 1498
1498 2398
1498 1163
1498 2158
1498 1049
1498 1071
1498 1351
1498 2450
1498 1483
583 2398
583 2568
583 50
583 1214
583 1278
583 1126
583 64
583 284
583 643
583 2371
1512 1235
1512 1671
1512 949
1512 1087
1512 999
1512 1463
1512 1335
1512 1267
1512 1608
2508 1235
2508 2577
2508 2137
2508 632
2508 322
251 2560
251 6
251 932
251 1877
251 482
251 88
251 1505
344 1622
344 1
344 2617
344 2609
344 1671
344 335
344 1881
344 2339
344 2441
344 2229
344 963
344 316
344 1442
344 1445
344 2589
344 1312
344 1627
344 2032
344 2171
344 1267
344 1275
344 2290
344 2291
344 1260
344 348
344 1244
344 675
344 521
344 2426
344 1007
569 1181
569 767
569 550
569 1273
569 1092
569 1712
569 255
569 1522
569 1986
569 1457
569 1430
569 2099
569 514
569 710
569 1269
569 1000
569 456
569 1025
1484 1521
1484 1057
1484 1692
1484 1220
1484 1092
1484 931
1484 822
1484 1522
1484 1430
1484 1482
1484 1197
1484 1500
1484 1237
570 212
570 2026
570 1258
570 1381
570 1200
570 1243
570 1246
570 1524
570 1709
570 169
570 1922
570 1814
570 872
570 59
570 874
570 1245
570 1067
2486 1970
576 605
576 863
576 212
576 293
576 2026
576 1258
576 1381
576 1526
576 1200
576 330
576 354
576 1524
576 1710
576 570
576 1922
576 726
576 1801
576 834
576 839
576 1814
576 1014
576 2552
576 1932
576 59
576 874
576 1245
576 355
576 1067
2498 2147
2498 2567
2498 2500
2498 2322
2499 203
2499 2147
2499 863
2499 2376
2499 1787
2499 2505
2499 1871
2499 2357
2499 2385
2499 2422
2499 2498
2499 2500
2499 2322
2499 1418
2499 359
2499 1935
2499 1068
2500 2376
2500 2422
2500 2498
2500 2322
2500 1068
2570 480
2570 667
2570 1928
2570 1806
1122 799
1122 1194
1122 594
1123 539
1123 541
1123 1188
1123 1176
1123 75
1123 1483
1125 817
1125 818
1125 857
1125 1483
1126 2489
1126 923
1126 580
1126 1497
1126 1212
1212 817
1212 818
1212 819
1212 1552
1215 1699
1215 818
1215 819
1215 1209
1215 580
1215 1707
1215 824
1215 825
347 713
347 998
347 999
347 452
347 84
1240 912
1240 1201
1240 841
1240 897
1240 998
1240 999
1240 987
1240 1086
1240 742
1240 1141
1240 1241
1240 950
1240 84
1240 1347
1240 1147
1241 912
1241 998
1241 1141
1241 1240
1241 950
1241 84
1241 1347
1241 1147
1322 1622
1322 1020
1322 2539
1322 1027
1322 323
426 29
426 335
426 2369
426 1576
426 836
426 1187
426 2126
426 1486
426 937
426 303
426 1275
426 1061
426 1528
426 318
426 2431
1328 1423
1328 1584
1328 1101
1328 1031
1328 1513
1328 927
1328 1412
1328 1155
1328 1020
1328 1109
1328 1111
1328 1568
1328 947
1328 783
1328 785
1328 1173
1328 1107
2338 1024
2338 1478
2338 2677
2338 2127
2338 1986
2338 2443
1329 2127
1329 1049
1329 1071
1329 1986
1329 1020
427 2044
427 2295
427 1274
427 1766
427 1914
427 2255
427 1103
427 1811
427 2383
427 493
427 2453
427 1760
427 665
427 2574
427 2388
427 1399
427 1405
427 494
427 610
427 587
427 2258
427 823
427 1318
427 526
427 1547
427 2412
427 1037
427 146
427 2306
427 312
427 202
427 1283
427 1284
427 230
427 2658
427 399
427 698
427 406
427 1975
427 250
427 584
427 304
427 2448
427 2683
427 1488
427 18
427 954
427 2437
427 916
427 1999
427 674
427 946
427 1577
427 658
427 205
427 696
427 461
427 1340
427 561
427 353
427 391
430 2487
430 1617
430 2593
430 1637
430 683
430 2033
430 1165
430 1792
430 2197
430 2137
430 223
430 1020
430 524
430 1698
430 381
430 1284
430 651
430 1207
430 2343
430 547
430 1568
430 632
430 2557
430 208
430 686
430 172
430 177
430 89
430 1270
430 119
430 52
430 236
2342 2593
2342 2577
2342 2197
2342 381
2342 497
2342 2151
2342 1270
1335 1024
1335 1478
1335 944
1335 1607
1335 1512
1335 1223
1335 885
1335 1270
1335 1032
1336 1478
1336 1027
1337 944
1337 1020
1337 1335
1337 2343
1337 2300
2343 2443
1339 434
1339 2677
1339 1335
1339 1111
1339 1570
1339 2443
438 79
438 550
438 96
438 21
438 607
438 227
438 296
438 616
438 710
438 692
438 720
438 391
289 2568
289 1498
289 1278
289 64
2276 1864
2692 1370
2692 2038
2692 2172
71 929
71 677
71 2442
71 1559
71 1923
71 661
71 1641
74 906
74 1024
74 1017
74 1103
74 871
74 949
74 1220
74 1634
74 680
74 604
74 2513
74 2266
74 154
74 975
74 2654
74 2284
74 2335
74 505
74 511
74 987
74 2013
74 252
74 345
74 1676
74 622
74 547
74 881
74 787
74 2390
74 1928
74 263
74 71
74 661
74 2124
74 310
74 377
74 19
74 867
76 869
76 1128
76 131
76 975
76 694
76 1934
76 345
76 181
76 2532
76 250
76 2390
76 661
76 2327
76 1548
76 392
76 518
1151 1350
294 83
294 1353
294 21
294 502
294 1438
294 665
294 103
294 186
294 173
294 638
294 554
294 191
294 1672
294 807
294 252
294 699
294 85
294 633
294 636
294 2476
294 2430
294 465
294 466
294 477
294 483
294 564
294 565
294 566
294 588
294 128
294 153
294 277
2246 2475
1259 1944
1259 2213
1259 1081
1259 1082
1259 893
1259 92
1259 2312
1259 521
1259 136
1269 1312
1269 2618
1269 876
1269 1260
591 2690
591 2155
591 287
591 1186
591 453
591 549
591 1358
591 2475
591 2182
591 848
591 199
591 488
591 1032
591 1105
2520 2359
2637 2652
70 1521
70 1692
70 255
70 931
70 999
70 1986
75 2122
75 2299
75 1854
75 1855
75 288
1854 2122
1854 1976
1854 2048
1854 2645
1854 2299
1854 2482
1854 1855
1855 2122
1855 2482
1855 1854
1864 2122
1864 1854
1864 1855
84 12
84 715
84 998
84 155
84 347
84 1240
84 27
84 950
84 1803
84 1347
84 1550
1028 1435
1028 1037
1028 206
1028 1042
1028 1610
359 203
359 2376
359 1787
359 2567
359 2505
359 1871
359 330
359 1320
359 2422
359 2498
359 2499
359 2322
359 808
359 1342
359 1068
476 605
476 1091
476 1056
2378 2050
2378 2335
2378 1668
2378 611
1621 300
1621 1448
1621 1194
1621 594
1621 824
1935 2340
1935 611
2057 2465
2057 2695
2057 790
2057 1510
228 2465
228 2617
228 1692
228 259
228 900
228 119
228 323
228 52
456 1296
456 2455
456 2653
456 2099
456 1748
1366 2513
1366 2413
1366 2414
1366 2239
1366 2562
465 118
465 2027
465 103
465 2672
465 85
465 2368
465 466
465 565
465 566
2368 2642
466 16
1378 1440
1378 239
1378 21
1378 559
1378 882
1378 82
1378 1540
1378 970
471 2
471 1045
471 103
471 1632
471 1859
471 295
477 1645
477 1766
477 463
477 229
477 2409
477 2658
477 427
477 333
483 463
483 933
483 749
483 367
483 650
483 277
562 1401
562 2014
562 2018
562 252
562 440
562 1889
562 60
562 671
562 370
562 1117
562 1183
564 463
565 478
565 548
565 1782
565 2
565 118
565 1440
565 2027
565 305
565 1401
565 1585
565 239
565 425
565 2442
565 1012
565 1376
565 1616
565 502
565 1316
565 644
565 1438
565 773
565 385
565 842
565 1957
565 1213
565 103
565 173
565 910
565 554
565 1741
565 882
565 2672
565 34
565 1546
565 283
565 492
565 85
565 2118
565 1859
565 82
565 1529
565 410
565 1727
565 1540
565 621
565 633
565 738
565 57
565 60
565 2472
565 2642
565 1676
565 244
565 1975
565 671
565 333
565 92
565 691
565 367
565 1790
565 465
565 466
565 1378
565 477
565 564
565 566
565 2480
565 575
565 2485
565 2628
565 2629
565 128
565 1373
565 295
565 601
565 306
566 1782
566 472
566 1544
566 733
566 16
566 186
566 1447
566 173
566 34
566 2221
566 699
566 688
566 2658
566 633
566 858
566 1816
566 671
566 333
566 466
566 477
566 483
566 2480
566 2485
566 588
566 1643
566 274
566 321
566 449
2480 653
2480 2485
567 21
567 502
567 385
567 1828
567 970
567 277
575 882
575 1378
575 2485
2485 749
2485 1816
2485 1378
1491 1390
1491 851
1491 1605
1491 903
2583 2310
2583 1423
2583 2333
2583 1173
2585 1809
2585 2441
2585 1830
2585 1263
686 683
686 1273
686 116
686 225
686 760
686 223
686 44
686 1698
686 381
686 430
686 2541
686 2557
686 119
1626 1584
1626 1407
1626 1698
1626 1735
1626 1164
2597 2256
2597 1698
690 445
690 2457
1643 773
1643 1189
1643 868
1649 1228
1649 1213
1649 1687
1649 868
1649 691
1649 1643
1649 148
1649 1557
924 1480
1061 1010
1061 1578
1061 1651
1061 1244
1174 1033
1174 1074
1174 1135
1174 893
1174 303
1174 1297
1174 1102
1174 902
1174 414
318 445
318 2310
318 991
318 2333
318 686
318 2427
318 1173
322 1027
1195 1323
1195 1630
2180 2577
2180 1500
1203 1119
1203 816
1203 1630
1203 881
1203 779
1203 542
1203 1411
1203 1195
325 1201
325 211
1287 810
1287 945
1287 976
1287 1414
1287 1437
1287 1397
1287 787
1287 499
1287 905
1288 1502
1288 1128
1288 1091
1288 1414
1288 787
1288 499
1288 107
1288 108
420 10
420 2214
420 192
420 2590
420 519
420 439
519 2608
519 10
519 190
519 705
519 510
519 2223
519 2549
519 2590
519 280
2421 1829
2421 2389
2421 1856
2421 2266
2421 2654
2421 345
2421 263
2421 2590
2421 74
2421 1868
521 156
521 2312
2426 1686
2426 2126
2426 2282
2426 2493
2426 2431
2426 1919
2427 1888
2427 2548
2427 2591
2427 2391
2427 507
1428 1622
1428 2079
1428 2617
1428 2424
1428 2229
1428 1312
1428 2539
1428 2493
1429 1208
2431 2591
1608 949
1608 1220
1608 987
1608 2225
1608 431
1612 1517
2586 2162
2586 1647
2586 1889
2586 2486
2586 2113
122 1093
122 124
122 127
122 2400
124 2400
1916 2400
127 124
127 2228
127 2400
295 1782
295 197
295 2078
295 1012
295 1316
295 220
295 210
2150 2183
2150 1192
1281 1604
1281 948
1281 1471
1281 1272
1281 1282
1281 1451
1282 1494
1282 1022
1282 948
1282 1471
1282 1272
1282 1446
1282 1281
2652 2308
2652 240
1053 853
1053 1024
1053 931
1053 1463
1053 1607
1053 1197
1053 1568
378 960
378 335
378 2012
378 2195
378 2042
378 1238
378 218
378 178
378 286
378 585
378 1644
378 1290
378 1207
378 227
378 692
378 1275
378 2290
378 2291
378 1963
378 396
378 2447
378 2583
378 1027
378 1061
378 1678
731 1450
731 330
731 576
731 1778
731 808
2649 1956
2649 249
2649 2436
2649 2106
735 216
735 1956
735 2527
735 307
735 195
735 86
735 2106
735 2649
826 1273
826 1606
826 1457
826 1422
826 1237
828 1457
828 1422
1819 2580
1819 224
1823 2487
1823 2580
52 2487
52 2580
136 2399
136 2487
136 2580
136 1370
136 2172
136 1479
136 2543
136 1776
136 244
136 92
136 1413
136 159
136 1102
136 2231
136 2635
1961 2100
236 1617
236 156
1107 1617
1114 1696
1114 1588
1114 1261
1114 1603
1114 602
1114 1371
1114 1117
247 2257
247 500
247 2446
247 1973
247 563
247 982
247 1261
247 1117
2089 357
2089 1965
2089 1261
2089 1603
2089 714
2089 1530
2089 1117
1117 1588
1117 2332
1117 1225
1117 1261
1117 1603
2207 79
2207 1786
2053 2685
2054 2685
2054 591
2054 2053
2070 2602
2070 2640
2081 2159
2081 2366
2082 2545
2082 2178
414 1877
414 908
414 1442
414 1445
414 440
1309 1186
1309 1132
1309 924
635 683
635 722
635 442
635 660
635 256
635 381
635 474
635 651
635 430
635 632
635 634
635 208
635 264
635 686
635 172
635 177
635 89
635 436
635 375
2555 2560
640 635
640 287
640 459
640 1363
640 549
640 1897
640 109
640 2475
640 20
640 732
640 591
640 574
640 130
640 199
640 2054
649 2560
649 166
649 2294
649 96
649 2581
649 457
649 2403
649 2123
649 752
649 1643
2560 323
166 457
166 1125
986 2484
986 862
986 1642
986 2616
986 2605
986 136
258 7
258 400
258 544
258 1031
258 268
258 0
258 8
258 14
258 1111
258 751
258 435
478 96
478 215
478 618
478 218
478 520
478 497
478 227
478 470
478 303
478 754
478 396
478 568
478 52
478 274
479 649
479 478
479 147
479 418
479 1354
479 1627
479 2636
479 92
479 2300
479 136
479 449
1645 797
1645 204
871 1591
158 184
158 598
158 433
158 707
1227 1236
1234 977
1234 1226
1234 1187
1234 1263
1234 13
1234 937
1234 1275
1234 790
1234 1510
2210 1808
1236 1227
1236 861
1236 296
1236 382
1236 1669
1238 1500
1238 1025
1238 1550
2350 2168
1343 1364
1343 1456
2354 400
2354 556
2356 1705
2356 2246
2356 1105
453 2156
453 9
453 706
453 1712
453 2059
453 2354
453 2455
453 1566
453 1358
453 1661
453 2092
453 2098
453 2099
453 1449
453 514
453 2618
453 1269
453 876
453 1025
453 2034
1360 1095
2360 2004
2360 400
2360 556
2360 1386
2360 2273
2360 2354
2360 1006
2360 2040
459 267
459 1705
459 130
1363 2168
1363 1343
1363 1364
1363 2475
1363 2653
1363 786
1364 1705
1364 1469
549 287
549 453
549 591
549 507
549 456
549 574
549 488
2455 2354
555 615
555 400
555 556
555 2354
1469 1705
1469 1456
667 2270
667 480
667 2072
667 1974
667 2227
667 1356
667 1928
667 257
667 867
1592 1734
1592 1293
1592 405
1592 1298
1592 1176
1592 1161
1600 1293
1600 946
672 2329
672 535
672 2004
672 1386
672 1343
672 2360
672 1363
672 549
672 2696
672 1460
672 1293
672 1003
672 1004
672 2653
672 591
672 456
672 924
672 574
672 130
1606 2381
1606 1293
1606 28
1732 853
1732 2225
1732 1493
910 1589
910 1673
910 1131
910 1432
910 1590
910 1140
910 1253
910 982
910 1573
910 1311
910 964
910 966
910 764
910 811
910 1221
910 981
910 1481
910 902
910 1117
192 10
192 705
192 510
192 193
192 280
192 420
192 519
192 439
193 10
193 238
193 2549
193 74
193 280
193 420
193 519
652 373
2676 1787
2676 2385
1741 492
1741 601
3 197
3 463
3 601
1844 1979
1844 1845
1845 1979
1845 979
68 1979
68 979
68 1845
68 1632
68 2007
68 522
68 1825
879 700
879 979
898 1687
496 2393
496 501
496 1896
2393 1813
2393 1952
2393 1896
2393 2029
501 174
503 1813
503 174
503 1952
503 501
503 2396
503 1851
503 2029
2409 2027
2409 174
2409 638
2409 2672
597 434
597 106
597 224
1672 899
1672 807
1672 1352
1672 1564
1672 903
807 1438
35 34
39 24
39 82
40 761
1016 1110
1016 943
1016 1070
1016 1205
1016 856
1016 1729
1016 1305
1016 727
1016 1670
1016 728
1016 1466
1023 1090
1029 1090
1029 2456
1503 1108
1503 1276
1503 1504
1503 1507
1503 1525
1503 1308
1504 1108
1504 1276
1504 1415
1504 1507
1504 1525
1504 1308
1506 1108
1506 1276
1506 1415
1506 1504
1506 1507
1506 1525
1506 1308
1507 1108
2607 2074
2607 2310
2607 2369
2607 1987
1636 2074
1636 1073
1636 928
1636 983
1636 1684
1636 245
2615 2074
2615 1647
1647 2074
1647 1684
1062 1323
1062 2651
1389 1079
1389 821
109 635
109 640
109 535
109 1296
109 1888
109 1074
109 459
109 672
109 884
109 2315
109 778
109 1661
109 171
109 955
109 507
109 488
109 967
109 2053
109 2054
114 171
2177 1883
539 1665
539 1210
539 1209
539 183
539 1453
539 454
539 541
1453 1152
1453 1210
645 51
645 312
645 742
645 211
2559 841
2559 51
2559 1241
2559 2076
2559 1747
2559 260
772 1502
772 768
772 51
772 2166
772 2167
772 312
772 742
772 1240
772 1241
772 2076
772 1147
1285 770
1285 405
1285 1298
1285 1176
1285 1382
1285 968
1293 2284
2306 2594
405 753
407 512
407 2439
407 1763
407 1298
407 1875
1298 407
409 2582
409 753
409 1606
409 1298
411 1891
411 512
411 2594
411 1470
411 536
411 2582
411 1600
411 2232
41 1733
41 889
41 94
41 1982
41 725
41 533
41 2456
41 1713
41 892
41 352
41 23
41 115
48 1783
48 2682
48 2456
490 6
490 220
490 5
490 492
490 734
490 45
490 213
492 2323
492 1186
492 734
492 45
492 213
513 117
513 452
2526 2448
1687 1228
1687 870
1687 773
1687 1189
1687 1632
1687 54
1687 1137
1687 148
1687 1557
1688 1228
1693 1228
256 2369
256 928
256 430
256 2225
256 634
256 983
2192 1743
2192 177
1217 1349
835 1248
132 346
2186 2321
2187 2314
2187 531
2187 2321
1312 1622
1312 1269
1312 1260
418 135
418 1312
418 1269
2461 2492
2461 1076
2461 1078
2462 1986
2462 401
557 423
558 2660
558 376
558 1934
558 2463
558 557
558 1137
558 1816
558 905
558 1641
558 1532
558 423
558 1555
558 2034
2467 2155
2467 2468
2467 323
641 1739
641 376
641 484
642 484
642 697
1574 1017
1574 484
656 773
656 657
656 148
656 650
1581 1447
1581 1711
1581 657
1931 2277
1931 2402
1931 1408
1931 1921
1198 1296
1198 859
1198 517
1198 418
1198 1170
1198 1683
745 600
745 458
745 1756
745 1763
745 666
745 1157
745 2162
745 386
745 687
745 771
745 110
745 2165
745 72
745 1564
745 18
745 477
745 2437
745 962
745 1932
745 1700
745 1704
745 36
745 2325
745 124
745 127
745 355
745 205
745 1886
745 2336
745 561
745 91
766 979
766 181
766 2532
766 78
766 518
1344 1138
1344 1121
1344 1047
1345 1344
1345 1046
1345 1047
1345 1640
1348 1047
1348 612
1354 1695
1354 313
1354 1420
1354 1089
1354 1304
1354 1465
1354 1039
1354 1040
1354 1317
1354 806
1354 992
1354 994
1354 1001
1354 911
1354 1123
1354 1188
1354 1176
1354 75
1354 1426
1354 1674
1354 1680
1354 1047
1859 548
1859 1791
1860 548
1860 906
1860 683
82 548
82 1440
82 305
82 239
82 410
82 1553
82 295
102 404
102 2012
102 1824
102 1893
102 1895
102 2333
102 1964
102 2583
1893 1895
1003 2146
1003 2028
1003 2483
1003 1343
1003 1364
1003 1469
1003 1897
1003 1004
1003 2182
1003 791
1003 786
1004 2146
1004 2483
1004 2350
1004 1343
1004 1364
1004 1469
1004 1003
1004 791
1004 786
2253 2213
2253 2591
2282 2217
2282 1686
485 2514
485 711
485 2380
485 1838
485 2561
2380 2294
2380 215
2380 2514
2380 1838
2380 2561
2380 288
2408 2145
2220 2478
2220 2139
2220 2600
2220 1958
2220 1409
2220 2563
2220 2226
2220 1940
2220 2252
2220 290
2220 1950
2226 2478
2226 2139
2226 1958
2226 1950
486 1597
486 231
486 1278
486 64
486 284
486 1148
486 285
486 2276
585 335
585 911
585 1275
585 2290
585 2291
585 1061
1644 986
1644 1862
1644 1863
1644 2484
1644 701
1644 2364
1644 822
1644 1732
1644 2409
1644 1256
1644 2614
1644 2616
1644 1328
1644 2423
1644 1964
1644 1601
1644 318
1644 322
1644 462
2614 986
2614 2484
2614 2616
2616 986
2616 2484
217 2355
217 685
2052 2062
2060 2062
2061 96
2061 215
2061 2062
2066 2062
1084 2035
1084 991
1084 858
464 467
464 573
467 2000
467 270
467 276
467 495
467 729
560 1375
560 2287
560 78
560 955
560 938
688 1248
688 252
688 835
202 771
202 204
204 1811
204 597
204 2410
204 2650
204 202
204 741
204 274
2032 2171
1290 2080
1290 2329
1290 1712
1290 1226
1290 1238
1290 1918
1290 218
1290 2169
1290 1644
1290 1191
1290 1197
1290 893
1290 1025
1290 423
1290 429
410 2
410 305
410 298
2707 2344
2707 1389
2707 774
2301 2588
2301 1907
2301 1901
2406 2078
157 1017
157 2230
157 1375
157 1637
157 1075
157 393
157 2680
157 897
157 716
157 1289
157 2019
157 2540
157 979
157 1038
157 214
157 766
157 2021
157 1718
157 560
157 181
157 740
157 78
157 2095
157 916
157 1452
157 371
157 1550
157 1340
157 2417
160 2681
160 469
160 2540
160 125
160 1857
160 322
1283 823
1283 1318
1283 1547
1283 1284
1283 230
1283 391
1284 1055
1284 1169
1079 1103
1079 864
1079 975
1079 1009
1079 1724
1079 1718
1079 1315
1079 611
1112 1403
1112 1073
1112 926
1112 2415
1112 1512
1112 101
1118 1540
1118 134
2090 1260
2182 2146
2182 2633
2182 1835
2182 1748
655 198
230 520
230 1284
230 406
230 391
1095 1456
1095 1433
308 9
308 2028
308 1456
2171 2031
319 29
319 1273
1185 1521
1185 1000
320 259
1191 692
1191 1053
624 112
624 11
624 700
624 572
625 700
627 1057
627 338
627 1562
627 1679
627 1270
1562 1637
1562 355
2543 2440
2543 2409
2543 1479
2543 1776
2543 2674
631 1057
631 383
631 1562
732 267
732 1897
732 20
2653 2028
2653 1363
1697 929
1697 1599
1697 16
1697 1703
1697 1559
1697 1664
1697 1667
1697 1683
1697 804
740 929
740 164
740 418
740 560
740 1703
740 1559
740 1664
740 1667
740 1683
2658 1860
2658 1559
2658 691
1703 1559
1019 853
1019 906
1019 926
1019 862
1019 927
1019 1256
1019 1290
2299 1854
2299 1855
1540 1045
1540 842
1540 1443
621 1859
621 471
2529 2294
2529 2521
2536 502
2536 1957
2536 2629
1559 929
1559 1791
1559 1664
1559 1683
629 221
629 612
2544 2568
633 197
636 118
636 2027
636 2173
636 2672
636 2174
636 2204
636 2233
636 764
1573 1673
1573 1432
1573 636
1573 2174
1573 764
1573 1481
1690 995
738 1585
738 1376
738 1213
738 1741
738 1727
738 621
738 210
738 564
738 575
738 2628
738 2629
738 1183
2655 1975
2666 451
2666 2453
2666 2411
749 197
750 244
843 1101
843 2658
843 568
843 575
858 2035
858 991
858 281
57 306
60 252
60 688
875 933
875 554
875 775
875 370
875 1192
1841 1741
1841 564
63 739
63 1546
63 210
63 153
1954 98
1954 2183
1954 978
1954 2222
1954 2150
1954 321
162 173
162 775
2092 2015
2098 2156
2098 2099
1124 453
1124 1566
1124 1567
2361 2175
2361 2216
2361 139
577 2660
577 1502
577 389
577 312
577 2492
577 250
577 1532
577 401
577 2034
2492 1900
2492 2547
350 180
350 111
350 730
350 201
350 770
350 664
350 427
350 351
664 978
1593 978
1593 1437
1593 1116
1593 1288
2573 1942
2024 737
2024 427
2024 1932
2024 1778
227 823
227 1318
227 1547
227 2319
227 296
1170 517
1359 1057
2367 2577
2367 1833
1462 1657
1462 1457
0 544
0 8
0 435
8 435
14 258
14 437
14 400
14 393
14 232
14 544
14 746
14 242
14 708
14 31
14 736
14 268
14 384
14 0
14 8
14 613
14 751
14 435
14 443
1908 2514
1908 442
1908 1647
1908 1893
1908 1838
1908 2561
1908 1582
1909 2677
1909 1545
1909 632
1909 1582
1910 2159
1910 705
1910 1668
1910 2416
1910 2506
1910 2242
1910 2375
1910 2488
1910 2366
1910 2575
1910 2081
399 1250
399 1251
1425 525
1425 684
613 232
613 2571
613 268
613 616
616 268
15 234
15 701
15 254
15 152
15 399
15 253
15 129
15 538
15 322
15 80
2015 2327
2015 2034
1050 1389
1050 1306
1050 1591
1050 1492
1050 1499
1050 1171
622 345
622 377
2532 2417
45 220
1393 1502
1393 1128
1393 1097
1393 976
1393 1414
1393 1437
1393 1397
1393 905
593 300
593 594
2509 1962
2509 517
2509 2618
698 360
698 474
698 1431
2178 2545
2178 2582
2178 1788
2178 1793
2178 1795
2181 2143
2181 2178
2181 1788
2181 1793
2181 1795
343 1274
343 1571
343 530
343 1303
343 1098
343 1577
1303 1274
1303 2347
1305 1274
1305 1740
1305 1575
1305 1065
1305 1098
1525 1276
1525 1415
809 1190
809 1229
809 1639
809 297
809 1222
809 1044
809 908
809 1615
809 812
809 814
809 919
809 1080
809 1365
812 1044
812 1080
812 1365
814 1044
814 812
814 1365
125 394
125 1857
133 394
1431 1181
1431 1412
1431 861
2674 2066
2674 1352
761 535
761 9
761 40
129 2363
129 2446
129 1973
129 1409
129 188
129 2220
129 2165
129 2451
129 538
129 22
129 2193
129 1204
2307 1772
2307 406
2307 1939
406 311
540 543
540 603
540 1121
540 1640
62 324
62 332
62 2425
62 945
62 2474
62 2566
62 423
881 1119
881 2295
881 112
881 816
881 2702
881 572
881 2203
881 2405
881 1411
881 2454
1969 2309
1969 2363
1969 2051
1969 2200
1975 2689
1975 2408
1975 2655
1116 708
1116 31
1116 736
1116 1593
250 170
250 694
250 708
250 31
250 736
250 639
250 498
250 499
250 584
250 304
250 107
250 108
250 33
2419 2323
2419 492
2419 1268
2423 853
2423 550
2423 862
2423 1732
2423 1644
2423 1191
2423 2225
2423 2627
2423 881
2423 2657
2423 1161
2423 1601
1422 550
1422 1657
1422 1273
1422 1223
1422 1237
2428 2042
2428 116
2428 225
2428 760
2428 44
2428 2021
2428 1860
2430 1860
1111 1101
1111 1412
1111 2292
2341 2425
2341 559
2341 623
2341 788
2341 1757
2341 1842
2215 1877
2215 2650
2215 344
2215 2057
2215 675
2346 397
2346 1967
4 170
787 1437
788 2425
788 945
788 2323
788 1414
788 1268
415 995
415 789
415 2664
415 2103
415 1737
415 1832
415 1836
415 209
415 1790
415 2353
415 712
671 1599
759 93
759 95
759 161
759 99
759 292
759 23
1006 472
1006 242
1006 876
1006 2040
1006 1025
1006 650
194 673
1138 1597
1138 1420
1138 806
284 64
1148 1597
1148 1355
285 231
285 1148
632 683
632 401
1569 1073
1569 1609
1569 1721
1569 1726
1569 1008
1569 1010
1569 1011
1569 877
1569 1486
1569 430
1569 1587
1569 208
1569 1327
1569 1679
1569 1684
1569 1182
1570 1109
1570 1111
1570 634
1570 1164
634 2593
634 1513
634 430
634 686
1582 2677
1582 1545
1582 632
1591 1701
1591 33
1591 36
1701 33
1701 832
167 559
1018 1142
1527 2420
1527 1543
1527 2524
1527 2525
1527 2221
1527 1086
1527 2166
1527 827
1527 2561
1527 1240
1527 909
1527 971
1527 2076
1527 419
1527 1747
1527 2088
1527 260
1527 211
78 2681
78 469
1857 2681
1867 1754
1869 1754
1869 2409
88 762
88 587
88 116
88 225
88 760
88 44
88 682
88 208
88 371
2506 2416
2506 2575
2506 2458
1812 2364
1812 862
1812 1513
1812 1407
1812 1155
1812 783
1812 785
1374 869
2605 1401
2605 2502
2605 951
955 1280
219 402
219 1325
219 1738
219 38
219 2563
219 1689
219 563
219 846
219 757
219 1404
219 712
2612 724
2612 1903
2612 2625
2612 26
791 1661
792 1095
798 1433
798 1095
798 792
798 507
798 1105
1564 899
1565 899
1565 1088
2041 1744
2049 2218
2049 2410
2049 2306
726 1418
726 1068
751 544
751 8
751 435
382 29
382 2132
382 1837
2401 1988
727 1799
846 781
846 2173
846 1533
846 2204
846 219
846 757
144 188
144 444
144 2102
2634 1876
2634 1197
847 1402
847 1468
847 710
847 848
847 1032
848 1388
848 1739
848 1400
848 1468
848 1607
848 1223
848 847
848 1032
134 1782
134 505
1321 1041
1321 1190
1321 297
1321 1222
1321 814
1321 1080
2444 2257
2444 500
538 402
538 2309
538 487
538 1738
538 1689
538 2165
538 2193
538 1204
538 1036
237 329
237 1060
654 135
654 1260
661 1191
1586 1388
1595 1862
1595 1863
1595 1657
1595 1824
1595 1576
1595 836
1595 1301
1595 1776
1595 2346
1595 1964
1595 2675
1595 151
2657 1161
1702 1199
1702 1161
2675 1862
2675 1824
2675 1256
2675 1964
2135 2012
2135 2023
2135 2333
2135 134
2135 2583
2123 2482
2243 831
2243 2244
2243 2245
2494 2063
1488 206
1488 1668
1490 206
1490 1488
1767 2257
1767 500
22 2257
22 1790
1768 2257
803 357
803 53
803 1563
803 1439
18 890
18 866
18 1932
18 127
208 2343
208 1270
2136 2148
2148 2136
1267 1335
1267 1500
1275 2617
1275 2290
1275 2291
2290 2213
2291 2290
107 898
107 250
107 498
107 108
107 1937
108 898
108 498
108 304
930 1254
930 1062
930 805
1924 2327
1541 1395
2530 2415
2530 2090
2665 2395
909 827
1894 2144
1894 2524
1894 827
1894 1527
1894 909
913 827
913 909
2040 2004
2040 2360
2040 672
2040 1924
159 2172
159 2066
159 2543
159 2674
985 2038
985 2066
985 159
985 1102
1102 1370
1102 1479
1102 1413
2084 2615
364 590
364 366
365 590
365 2572
365 364
366 590
954 1461
954 1591
954 450
1237 1521
1327 1165
431 2137
431 156
887 1531
887 983
1178 995
1178 854
1178 956
1178 1476
1178 1736
1178 1737
1178 1688
1178 1690
1178 1230
1178 1231
1178 1232
1178 1362
1178 1034
1178 1099
2175 1745
2175 1009
2175 1719
2175 1940
2175 2249
2175 2250
2175 1362
2175 2087
2175 2206
2175 120
2175 2259
1184 141
1184 781
1184 1362
1184 1784
1184 2199
1184 844
1184 120
1184 860
752 1621
2113 2623
1963 2195
1377 313
1377 1642
1377 288
1475 1642
691 1557
964 1673
964 1432
964 1140
964 965
964 966
964 1481
964 902
965 1673
965 1432
965 1590
965 1140
965 1253
965 966
965 981
965 177
965 1481
965 1060
966 1673
966 1131
966 1140
966 1481
983 1531
983 1302
983 928
983 1002
983 1735
2687 636
2687 2174
2687 764
764 769
764 1581
764 636
764 2174
764 1311
2334 1588
2334 1917
2334 2332
2334 2103
2334 54
2334 1832
2334 1836
2334 209
2334 1790
2334 2353
2334 602
1161 2324
2149 1955
2149 2188
2391 2548
2391 507
2394 2427
507 1888
507 2548
507 2391
86 652
86 249
86 373
2128 2479
2128 2030
2130 2030
2131 2319
2131 2030
367 440
1265 921
1265 1725
1523 813
1523 815
1523 1136
1523 343
1523 880
1523 1060
1000 931
25 1181
25 1897
25 778
25 20
25 456
120 1959
1939 2307
142 823
142 1318
142 1547
142 520
142 1283
142 230
142 227
142 391
2397 2203
2397 2405
2405 2203
1411 2203
245 172
712 681
712 2664
712 1965
712 54
712 1036
1662 1036
2047 2111
1177 1180
1177 1627
1177 1620
2327 2015
2327 1924
2327 2034
2429 2281
2429 2624
2429 2317
2429 2152
2429 1143
2437 2433
2447 2010
1548 1291
1548 1374
849 1720
860 1940
878 1023
878 1472
981 1140
177 885
177 1489
177 1959
2095 2230
2466 2240
2466 1830
2466 831
2473 434
2473 1192
1601 1155
1601 224
1601 1428
1601 1429
675 2339
675 1442
675 1445
675 597
675 1429
1121 806
1121 1138
1121 643
1121 1046
1121 1640
334 267
334 20
455 374
551 482
551 2215
551 2473
339 1549
339 270
339 1602
339 495
342 1945
342 2546
342 270
342 276
342 1993
342 467
342 339
342 776
342 495
342 729
1452 1375
1452 1289
1452 560
1025 1388
1025 1712
1025 1449
1025 876
1027 1388
1027 56
1257 1872
1257 1719
1257 2175
1257 2087
1257 2259
2259 2271
2259 1959
2261 1719
2261 2087
2261 2206
2261 2259
1270 236
1271 997
1271 236
2511 2083
2511 2320
2511 2141
2511 2418
2511 2345
1528 1487
1528 151
1532 1480
1532 1487
1532 925
689 1826
689 1580
1625 1580
33 1701
832 1701
36 1066
36 2072
36 1974
36 2390
36 1701
1250 399
1250 1251
1251 399
2260 2501
574 1962
574 242
574 2360
574 2475
574 1827
574 1006
574 2040
1654 852
1654 855
1654 1338
801 313
801 1475
2471 2245
676 605
676 1091
676 1056
676 1014
121 1990
121 1825
121 731
1060 1890
1060 2039
2039 1890
310 2513
1307 1657
1307 1057
1553 901
1553 1552
1554 901
1554 1401
1554 951
1554 1552
1554 1553
2647 2658
2647 2430
1249 1734
1249 1054
1249 1408
1810 1766
2348 1783
2348 2682
662 181
662 518
1806 2279
946 1179
2328 1782
1849 2163
1007 2217
1007 2426
1007 1919
1007 837
1308 1504
1308 1507
423 2425
423 1934
423 557
423 62
1326 2144
1326 2161
1326 2434
1326 1602
1326 971
1326 419
1326 1747
1326 248
1326 776
1326 105
2556 1904
2556 858
643 1904
643 2489
643 222
643 49
643 50
2112 2572
2112 365
2395 2665
1129 1190
1129 1222
1129 809
1129 814
1129 919
1129 1080
495 270
495 467
573 270
573 464
1505 2560
1505 932
1505 251
2596 2669
2596 2680
2596 2686
1764 1938
1765 1938
1770 1938
1770 1764
1770 1765
30 679
30 231
30 1148
30 285
30 2276
2091 1944
2091 2617
2091 585
2091 303
447 630
447 1501
447 1471
804 1585
804 1664
1779 2007
1780 2007
808 863
808 1450
808 1320
808 1342
314 1073
314 1596
314 1726
314 156
314 1244
314 1684
1182 1073
1182 1726
1182 1684
2176 1914
2176 2535
1853 2320
1853 1861
1268 1898
1268 2140
1268 2323
1268 1186
1268 976
1268 1414
1268 788
1268 1757
1268 1842
488 2053
719 1133
719 609
719 520
719 1112
719 1838
719 2561
719 87
719 1666
719 611
824 1215
824 1707
825 1215
825 1707
1773 2545
1775 1771
1775 2116
1775 2082
1793 2178
1793 1775
1793 1795
1793 2082
1794 2545
1794 2178
1794 1795
1795 2545
1795 2178
1795 1775
1795 1788
1795 2082
439 97
439 388
1550 1624
1550 1158
1550 1238
1550 1199
1550 1425
1550 1419
1550 1555
1550 684
1555 1158
1346 1272
1346 1281
1346 1451
1451 1604
1451 1272
663 496
663 2393
663 501
650 472
650 1557
262 266
1580 1577
658 1577
2371 2489
2371 1126
2372 2398
2372 2489
2372 1126
793 1110
793 959
793 1334
793 1694
793 1330
793 1734
793 943
793 1070
793 1205
793 1127
793 856
793 1380
793 42
793 1139
793 163
793 1069
793 1691
793 1455
793 1715
793 1249
793 262
793 1333
793 1467
1483 857
1483 2052
1483 2060
1489 837
902 910
902 964
902 965
902 966
902 981
1896 1851
205 600
1052 600
1052 1066
1052 1051
1052 832
429 1514
429 29
1333 1514
1333 1369
1333 1225
1333 1207
1333 1224
1333 1708
1333 1467
207 688
207 1676
207 1536
1146 1676
1146 820
1153 1611
1153 1675
1153 942
1153 1070
1153 1205
1153 1127
1153 856
1153 1063
1153 1219
1153 1410
1153 1455
1153 1077
1153 1065
1153 1113
1153 1257
1153 1204
1266 1576
1266 836
375 1576
375 836
1539 924
1539 2091
1539 378
1539 136
1539 449
481 9
1515 936
1515 1447
1515 1711
1515 1581
2321 2370
2321 2186
1921 2402
2030 2077
2030 2659
2030 743
2030 744
2030 2316
1080 814
729 1945
729 67
729 1993
729 467
2626 2399
2626 2656
2635 2231
1800 1907
1800 1901
1800 2016
1800 1995
1800 342
967 56
967 1394
967 1400
967 957
967 1561
967 57
967 847
967 848
967 689
967 322
967 306
967 1032
2108 1898
2108 2140
1365 1044
1365 812
696 215
696 1672
696 579
969 954
684 1425
684 525
1046 1344
1047 1355
1047 1420
1047 603
1047 1344
306 1376
1340 1075
2017 2677
2017 1479
2017 1582
1026 1433
1026 1105
269 24
489 2670
489 238
489 301
489 1815
489 46
1658 884
1919 2431
462 187
462 2582
1620 1180
1911 1719
1911 290
1911 1098
1911 2087
1911 2206
1911 860
934 1353
934 940
934 1009
934 1631
934 844
934 860
1640 1355
1640 603
1648 1355
786 791
1192 321
1193 1183
2179 2183
2179 2150
2179 321
1202 1183
2303 2035
2303 858
2303 1951
518 2532
2417 2532
970 1396
974 844
974 970
1678 861
1678 1339
1678 1570
728 243
728 943
728 1127
728 1305
728 1466
1106 1305
1106 1065
1466 943
1466 1650
1467 1333
1067 1801
1067 834
1067 1814
1072 839
2044 1149
2044 2683
2044 80
32 679
243 357
243 53
1119 2405
2398 2399
2398 2184
614 615
615 556
615 98
615 54
2079 2609
2080 2609
2329 2080
2329 1918
2329 2589
2329 1428
2630 1826
2685 2053
2690 2053
1846 1927
1847 1846
1847 1927
630 408
630 447
659 695
659 397
659 11
659 624
659 625
1696 1769
1696 1334
1696 1943
1696 1872
1696 1971
1696 2330
1696 2250
1696 2175
1696 1771
2656 1699
2656 799
1699 799
1706 799
1706 1385
2660 1933
748 1933
748 138
1891 1149
1891 1875
1891 1774
912 1149
912 1150
929 2442
1898 278
1898 2140
767 255
1862 1863
1862 1964
2270 2043
2270 480
995 2139
995 956
995 1971
995 1985
995 1690
995 1230
995 1231
995 1232
995 1495
324 326
324 278
324 389
324 185
326 324
326 278
327 324
327 326
327 945
327 1899
327 1532
332 324
332 389
332 185
332 1064
12 155
1646 943
1646 145
817 818
817 819
818 817
818 819
1843 2626
993 973
267 20
534 313
862 2364
862 1513
862 1407
862 1155
862 785
1368 991
442 401
2551 2473
504 702
2684 2523
164 517
1008 1011
1008 1486
1010 1011
1010 877
1010 1651
1010 1182
2584 2632
1618 1220
1618 1112
1618 2343
2598 854
2598 956
2598 1631
2598 2330
2598 1230
2598 1232
2604 1631
2604 2330
1631 2330
1934 1816
1736 1690
1737 1736
2706 1752
2706 1138
2706 1046
2706 1640
2014 2018
2014 1828
2018 1828
2278 2284
2283 2284
2412 2255
2412 1758
1818 2073
1818 1813
1818 2029
1952 2396
1952 2029
2055 2352
238 301
238 46
527 2606
2459 553
2459 2606
1746 1948
1254 1464
1254 1062
1254 930
687 1157
687 2381
687 626
687 110
687 1564
687 2683
687 1700
687 1704
173 1378
173 575
173 2485
2214 2223
2214 420
360 151
1897 2146
1897 2182
2019 2147
2164 2094
2164 2521
2164 1749
2164 5
2164 515
725 93
725 48
1804 2289
1805 2289
1805 1804
1926 748
1933 748
1933 36
137 748
137 138
137 416
1941 748
1941 1926
138 748
138 137
138 892
138 416
138 115
1140 2294
1140 1311
1140 811
1313 1623
1313 1655
795 794
951 1401
2173 2204
922 1416
922 1233
922 923
923 1416
923 1233
1196 840
2540 1857
730 770
730 1889
2648 1889
978 1825
1966 1825
979 1825
191 448
191 22
191 395
2005 2345
1037 1470
1037 1042
1037 1610
200 1891
200 536
206 1891
206 536
206 1042
1042 1435
1043 1435
1043 1042
286 2195
286 178
286 1963
2134 2644
2689 2209
882 1012
882 1616
882 1316
100 1611
100 265
100 758
1980 2457
1980 758
1980 2202
1980 262
270 276
2115 2000
2115 276
275 464
276 2546
276 1993
279 464
1253 1131
1253 1311
1253 811
1656 2357
1656 1822
1656 527
1656 1710
1656 731
1081 521
1082 1081
1082 2312
1082 521
2071 1809
412 688
1442 1135
1444 1442
1444 1135
1445 1442
2016 467
2016 342
1292 960
1292 1085
1292 1049
1292 1071
1301 960
1301 2346
1301 1266
865 2560
865 932
865 795
865 251
865 1505
155 117
155 513
161 713
161 95
161 996
161 2311
161 1147
161 684
249 652
1579 1103
763 241
763 2355
140 323
1464 1470
1464 1021
1464 200
1464 1100
1471 1501
1719 2363
1719 1216
1728 1110
1728 129
1728 168
1728 1536
1728 1474
1728 1249
1728 1775
1729 1110
2020 1857
1407 783
1993 1945
1993 2546
1993 276
578 1877
578 482
578 13
578 1122
578 1333
704 376
1927 1846
301 46
1738 1264
911 177
201 143
201 427
2319 2479
1409 2600
1409 2703
1409 789
1409 958
1409 2220
1409 1797
1038 1196
1038 916
214 469
214 587
214 78
1155 1407
1155 783
1155 785
379 756
379 176
2305 2183
2305 2150
2305 321
1724 1538
1724 1508
1724 1492
1206 1544
1206 789
1441 1638
1441 1717
2528 1858
2221 1757
2589 2424
2013 2382
2695 2198
2696 98
2696 2695
2696 2036
1063 1628
1063 1065
2410 1811
2410 204
99 1852
99 1803
99 2578
99 1613
99 2592
99 1619
99 1722
99 2679
99 1255
1546 1376
2236 2542
2236 2435
2236 2262
2262 2542
2262 2435
2262 2236
1463 931
1463 1399
1463 1405
1463 1406
1463 1361
1463 999
1781 2663
1781 1819
1566 1567
1567 1566
1567 1358
1983 2078
2227 2072
2227 1974
2227 2390
2227 1923
146 17
1358 1661
1460 924
976 905
660 635
77 337
340 529
340 341
340 709
341 529
341 709
389 185
389 1937
509 669
509 314
283 2093
2268 2445
2268 2275
2268 1753
2275 2445
2275 2522
2275 2268
2275 2191
1086 1545
1086 1582
1086 1641
1086 1076
1086 1078
123 553
265 758
421 255
883 1665
883 1210
2011 2633
2011 1835
2011 2182
1020 2577
988 1515
2223 190
2223 510
356 190
356 510
1214 1635
1827 1962
1827 2083
1827 2224
1827 2110
2463 1934
1306 607
1306 1499
1310 1306
1310 1499
537 357
537 606
537 1204
1457 1237
58 1891
58 536
58 990
58 2495
454 1368
454 183
454 541
2075 1855
2170 1325
1175 1325
1175 1628
1578 1622
1578 1010
1578 877
1578 1651
1578 1182
2254 2347
2254 2039
2265 2347
1879 2355
1879 1760
1879 763
693 1501
693 648
693 1471
693 531
1633 1471
307 598
2384 2460
520 524
524 1454
524 1169
37 563
38 372
38 563
38 273
734 213
771 104
771 72
1989 1882
2126 2339
2126 2213
2126 2591
572 112
699 588
1172 915
1172 623
1172 1141
1172 2341
1172 2108
2166 2524
2166 2167
2166 971
2166 776
2167 2161
2169 2420
2292 2140
2292 1899
2293 1937
398 419
398 248
398 776
2404 2221
515 637
2434 2160
2434 105
623 637
623 2140
623 1937
623 1064
1583 900
1583 2563
1583 2396
1689 1738
1689 38
1421 1417
1421 821
1607 1223
1615 1229
1615 1639
428 184
428 598
428 433
428 302
432 184
432 598
432 428
432 433
432 302
433 184
85 425
85 2368
1145 1323
1149 1323
1149 1150
1150 1323
639 1763
639 584
2107 2574
2107 2571
2107 1953
2107 1865
2107 2046
2107 613
2107 2496
268 232
268 2571
268 2046
268 616
281 460
877 1651
2118 2442
2624 2702
2624 1931
2624 1878
2624 2277
2624 1204
563 500
2021 2218
2021 87
2396 2563
717 2502
717 1877
717 2568
717 1122
717 523
150 50
150 643
1947 2557
152 1383
2558 2514
2558 450
646 450
1718 810
1718 2582
1718 2413
1718 2414
1718 201
1718 28
1718 1867
1718 2138
1718 1373
271 718
354 330
354 839
354 1072
1252 1634
1252 907
1252 918
1252 820
1252 829
1252 830
1252 1485
1252 1115
1890 2039
2132 1837
1642 313
1642 1475
2315 2287
188 141
188 721
188 755
188 717
188 42
188 163
188 415
188 757
188 380
188 139
188 120
188 262
188 523
189 2664
189 188
189 42
189 163
189 395
189 2102
1714 1458
838 1458
1341 1044
1341 812
1356 1430
2046 616
417 317
417 508
2326 317
2326 508
2326 2324
778 56
13 482
866 890
1529 1314
1529 882
857 2060
2620 1972
1661 1469
1661 1358
143 180
143 337
143 346
143 363
670 603
2205 1799
541 183
1820 2383
1820 2569
1533 900
1533 1730
1533 781
1533 1277
1533 970
1668 2535
1996 1997
1828 2018
1520 1258
1520 1526
1520 1200
1520 920
1520 1246
1520 354
1520 1524
1520 1709
1520 570
1520 834
1520 839
1520 872
1520 873
1520 59
1520 874
1520 1245
1520 1211
1520 1072
1524 1381
1524 1526
1524 1243
1524 1245
1990 233
1990 2093
1990 201
1130 959
1130 1334
195 707
196 216
196 195
196 707
1295 886
2678 2477
2678 2576
2189 2188
2189 2190
2189 2365
2190 1955
2190 2188
2190 2189
2190 2149
2190 2365
2194 1955
2194 2188
2194 2189
2194 2190
2194 2149
1710 1450
1710 576
43 576
2539 2213
2067 1792
181 518
1002 1735
668 1508
668 604
668 975
668 2413
668 2414
668 263
668 2683
668 1315
668 2562
668 310
2165 2363
2165 538
2165 2193
2165 1143
1727 1376
709 529
709 341
28 586
1940 2250
2432 1755
2330 1769
2330 1631
1725 921
1725 1265
55 1905
55 361
55 1832
55 844
1834 1905
460 148
346 337
346 363
20 267
2622 2033
2317 1353
2317 2624
2636 2300
246 560
444 753
2673 995
2673 2541
1194 594
2662 1822
2662 2606
2662 527
2422 2376
2351 1772
1379 1611
1380 1611
1380 1717
2403 2581
90 680
1967 695
1154 819
1154 1531
2603 1756
2613 1756
1663 1756
1663 2504
1663 1266
941 1717
941 1441
1207 900
2449 1881
2449 2158
2449 2450
2450 1881
2451 2446
2451 1973
2549 2608
2549 280
2549 519
2651 2059
1968 527
1968 1774
1968 2619
961 1515
2438 2091
595 233
595 121
2056 271
2056 2095
2304 2297
2304 908
1223 1607
42 188
1875 2439
1058 2454
1058 1211
2129 2454
452 117
169 212
1815 2670
1815 2671
1815 238
1815 253
46 238
46 867
441 297
1059 1055
2237 2274
2237 2170
145 2521
145 2286
145 390
145 1224
145 1218
145 2248
145 2251
145 2280
145 2296
145 1530
2481 1858
1774 990
805 990
2659 743
2659 2316
743 2077
743 65
743 2316
744 2077
744 65
744 743
744 2316
1838 2514
1838 2380
980 1488
2101 2470
2472 2476
1414 945
2561 2380
756 176
1461 1357
1461 1593
1461 304
1461 1288
81 647
1139 780
1139 1572
1139 1018
1139 1598
607 1055
607 821
1946 1030
1946 2516
64 284
185 389
1272 1604
240 2308
240 61
1294 915
1434 1208
1319 1391
514 506
387 293
72 771
72 202
989 1418
989 1068
508 317
2619 328
2619 1774
1572 1598
1367 817
1493 774
1493 867
26 1129
210 644
210 148
2322 2498
1109 2151
253 2670
253 1815
165 432
1630 1150
27 532
1419 525
1419 1550
522 525
1427 525
1427 1550
2006 1824
2222 2150
272 516
272 914
692 296
919 908
939 1242
331 179
331 101
331 774
2490 1807
802 973
1048 984
1878 2571
1542 801
1960 1949
678 528
2482 2645
1169 1454
2204 2173
1964 1862
1964 1863
291 487
1922 2026
1928 1923
1928 2114
1176 2272
1176 254
1563 357
1563 53
2663 2229
333 463
2203 2397
257 480
257 36
1242 939
351 730
895 1436
1446 948
1224 2673
1848 2483
1005 1313
1168 802
1439 53
1439 803
531 1490
2667 2295
2667 2381
2667 2504
2667 2429
1382 1313
2631 2601
1915 2497
1915 1981
2590 388
1803 1913
2448 2311
2448 519
905 1397
891 1437
758 265
2312 2587
1160 1166
2238 2271
2249 2271
2250 2271
2252 2271
2252 2277
782 1532
2407 2704
2407 1631
2200 2703
2200 1797
1216 1035
1216 1571
1216 1299
1218 1035
1218 1571
1218 1299
1218 1424
1218 714
1218 1670
1218 833
1218 1516
1218 1530
2202 1571
2202 1303
2202 2638
885 831
1069 1096
1069 1685
1069 1455
1069 422
2566 2531
1602 1549
2045 2550
2037 1584
2037 288
2037 2151
288 2157
2151 1584
1164 1584
2157 2565
971 1602
1660 1083
1660 952
2611 1763
2611 2606
2076 211
1324 1543
1324 2076
1324 1747
1324 260
2119 2154
1076 1078
1078 1076
790 1510
419 1747
419 260
779 542
779 684
1347 1147
2578 99
1613 1614
1613 1162
1614 1613
2592 1852
1619 1613
1619 1614
1722 1619
1723 1619
1723 1722
2679 99
2679 2578
784 845
784 1613
784 1338
917 850
917 784
917 1338
1015 852
1015 996
1015 1338
1338 855
542 779
1519 963
1519 1177
2496 2571
2496 613
1674 1123
1674 1680
1680 1123
2233 2201
363 337
757 755
757 1965
2141 2418
299 746
299 2083
299 596
299 1827
299 2110
1685 1069
1685 1455
1685 422
1850 2554
1159 2564
1159 1485
380 1737
380 1784
380 2641
380 2196
380 1473
380 1474
380 1257
380 934
1536 1518
1536 2504
1771 1872
1221 2703
1221 1797
938 1127
938 2196
2058 755
2058 2232
2058 757
1455 1694
1558 2564
2564 1785
880 815
880 1523
2298 2518
1424 1799
1801 1814
834 1814
839 1526
839 1709
839 59
839 874
839 1067
1814 834
1821 1801
1821 834
1231 854
1231 956
1231 1985
1231 2086
1231 1230
1231 1232
2211 854
2211 1971
2211 1232
2216 2688
2216 2705
2470 1230
2470 1277
2470 2643
2470 2646
1495 1231
1784 2688
1784 2705
1784 55
1784 2199
1784 844
1936 1943
1014 1091
1014 1056
1260 1104
1262 1104
1510 790
1757 1842
348 1596
348 1244
1244 1596
1679 1726
1684 1726
1831 1832
1831 1836
1832 1836
1836 1832
1839 2688
1839 2705
1839 290
1840 2688
1840 2705
1034 1730
209 2704
1065 1279
2133 1925
2133 2199
2133 2206
2152 1277
2267 2196
2269 2277
1277 1476
1277 2277
2402 1921
1408 1921
2641 1745
2643 2646
2646 2643
2206 1925
2206 1984
2379 1984
2379 2206
2392 1925
1404 755
1404 1143
2512 1930
972 953
2065 1985
2065 2086
1167 1330
1167 1331
1167 1332
1789 2469
2102 2664
1473 1474
1473 1249
1474 1249
1715 1734
1715 1386
2621 2105
302 598
302 428
1666 1133
2668 2365
2121 2212
1387 1239
1817 2464
2697 2700
2697 2288
2697 2698
2697 1759
2698 2700
2698 1759
1759 2288
1300 1320
1300 1342
2454 1342
2386 2387
588 186
588 699
2628 2629
820 829
820 1115
128 103
962 829
2552 2026
2576 1051
1912 304
1912 1932
2242 2458
2375 2416
1681 1682
1682 1681
2661 2159
2661 1910
2661 2506
2661 2242
2661 2375
2366 2506
2366 2575
2366 2458
2575 2388
2248 2296
2251 2296
2280 2286
1113 1380
101 2680
101 2686
916 2686
916 2373
916 2374
1751 2691
888 1731
888 896
888 41
894 1255
904 1733
904 889
904 892
904 352
904 1372
904 115
2025 2693
2025 2377
292 904
2153 2699
2153 889
2153 1977
2153 1982
2153 1992
2153 2025
2153 1716
2153 2002
2153 2219
2153 2318
2153 115
2153 2008
2153 2022
2247 2701
2247 2263
2263 2701
533 777
2456 1742
1598 780
1713 889
1713 1870
1713 1978
1713 1982
1713 1991
1713 1992
1713 138
1713 41
1713 2153
1713 1716
1713 2002
1713 892
1713 468
1713 2510
1713 416
1713 115
1716 1982
1716 1991
1716 138
1716 41
1716 1713
1716 892
2002 1713
2285 2311
2285 2138
1383 1398
1384 1383
892 889
2234 2208
2235 2208
2362 1870
2362 2510
1372 896
1372 352
468 896
468 182
468 2377
468 491
491 182
491 2377
2510 1977
2510 1978
2510 1991
2510 2002
2510 416
126 94
126 2208
2208 2313
2219 1977
2219 2008
2219 2022
1255 95
358 95
358 1255
1761 2208
1913 416
2318 1977
2318 491
416 138
115 2421
1906 2421
2008 2022
2022 2008
1156 1013
714 1035
714 1299
714 833
1796 2001
1796 1030
1796 1917
1796 833
833 2001
833 1516
1392 1299
1530 1424
589 282
589 592
592 1144
592 282
592 589
592 1509
1509 1144
1509 589
703 2233
1798 2120
1700 1157
741 1157
741 687
1704 1157
1134 1264
1134 2281
273 372
1747 2160
1747 2434
2009 2534
785 1513
1999 2515
1999 2003
2003 2515
2003 1999
2264 2519
1385 1653
1635 1706
1873 1998
280 10
388 2590
1981 2491
2239 587
2239 2507
2239 2513
2239 2413
2239 2414
371 2507
1373 1366
2373 2507
2373 2413
2373 2414
2373 1366
2373 2374
2374 2507
2374 2513
2374 1366
2374 2373
1315 2595
2452 2595
2452 1315
2562 2595
1777 2064
1802 2064
1802 1777
1937 1064
952 1064
1064 1937
2538 2325
2114 1923
2124 1928
2124 2114
2553 1875
2503 2358
1511 1357
990 1774
2418 2141
2418 2345
873 920
59 1709
59 570
59 872
59 874
2106 1750
1629 796
1874 1920
2069 2434
2088 2524
2088 2525
2088 2167
2088 248
2088 776
248 419
248 105
260 619
260 2524
260 2166
260 419
260 2069
261 626
2579 2279
2579 2336
2599 2162
1866 2272
2116 2125
1120 1677
1120 2275
1551 272
1551 914
2191 362
2337 2218
2337 2606
2337 2610
914 272
1245 1243
1929 2349
571 2331
571 424
571 2495
571 1762
571 19
571 2694
2495 571
2495 1762
2495 2694
1762 571
1762 2694
19 571
2533 2517
392 154
1659 1652
1659 1093
1659 1094
2085 1093
2085 1094
355 1093
355 1094
355 2068
2228 1093
2228 1094
2228 2068
2228 2085
2694 2331
617 226
422 1691
2142 2096
1477 1252
1485 1252
2185 2109
2117 2639
1211 1247
1884 745
1884 1886
1884 1902
1885 745
1885 1884
1885 1886
1885 1902
1886 745
1886 1902
1887 2258
1902 1887
837 1686
