0 0
1 1
2 2
3 2
4 3
5 3
6 4
7 0
8 0
9 4
10 0
11 5
12 3
13 6
14 0
15 0
16 2
17 0
18 0
19 0
20 4
21 2
22 5
23 3
24 2
25 4
26 0
27 3
28 0
29 1
30 6
31 0
32 6
33 0
34 2
35 2
36 0
37 2
38 5
39 2
40 4
41 3
42 5
43 0
44 6
45 2
46 0
47 6
48 3
49 6
50 6
51 3
52 4
53 5
54 4
55 5
56 4
57 2
58 0
59 0
60 2
61 6
62 3
63 2
64 6
65 5
66 6
67 3
68 0
69 6
70 4
71 3
72 0
73 2
74 3
75 6
76 3
77 0
78 4
79 4
80 0
81 3
82 2
83 0
84 3
85 2
86 1
87 1
88 4
89 4
90 0
91 0
92 2
93 3
94 3
95 3
96 6
97 0
98 4
99 3
100 5
101 0
102 0
103 2
104 0
105 3
106 1
107 3
108 3
109 4
110 0
111 0
112 0
113 0
114 4
115 3
116 6
117 3
118 2
119 1
120 5
121 0
122 0
123 0
124 0
125 0
126 3
127 0
128 2
129 5
130 4
131 3
132 2
133 0
134 0
135 1
136 1
137 3
138 3
139 5
140 4
141 5
142 0
143 0
144 0
145 5
146 0
147 6
148 2
149 6
150 6
151 4
152 0
153 0
154 0
155 3
156 1
157 4
158 1
159 4
160 0
161 3
162 2
163 5
164 4
165 1
166 6
167 2
168 5
169 0
170 3
171 4
172 6
173 2
174 0
175 0
176 1
177 4
178 1
179 0
180 0
181 4
182 3
183 6
184 1
185 3
186 2
187 0
188 5
189 5
190 0
191 5
192 0
193 0
194 0
195 1
196 1
197 2
198 0
199 4
200 0
201 0
202 0
203 0
204 0
205 0
206 0
207 0
208 4
209 5
210 2
211 3
212 0
213 2
214 0
215 6
216 1
217 0
218 3
219 5
220 2
221 6
222 6
223 1
224 1
225 6
226 0
227 4
228 5
229 0
230 0
231 6
232 0
233 0
234 0
235 0
236 6
237 5
238 0
239 2
240 5
241 0
242 4
243 5
244 0
245 6
246 3
247 2
248 3
249 1
250 3
251 4
252 2
253 0
254 0
255 4
256 6
257 0
258 0
259 6
260 3
261 0
262 6
263 0
264 4
265 5
266 6
267 4
268 0
269 0
270 3
271 0
272 0
273 5
274 2
275 3
276 3
277 2
278 3
279 3
280 3
281 2
282 0
283 0
284 6
285 6
286 1
287 4
288 6
289 6
290 5
291 0
292 3
293 0
294 2
295 2
296 4
297 0
298 2
299 4
300 6
301 0
302 1
303 6
304 0
305 2
306 2
307 1
308 4
309 5
310 0
311 0
312 3
313 6
314 1
315 0
316 1
317 4
318 6
319 4
320 0
321 2
322 4
323 4
324 3
325 3
326 3
327 3
328 0
329 5
330 0
331 0
332 3
333 2
334 4
335 1
336 0
337 0
338 0
339 3
340 0
341 0
342 3
343 5
344 1
345 3
346 0
347 3
348 1
349 0
350 0
351 0
352 3
353 0
354 0
355 0
356 0
357 5
358 3
359 0
360 0
361 5
362 0
363 0
364 0
365 0
366 0
367 2
368 0
369 0
370 2
371 3
372 5
373 1
374 2
375 4
376 3
377 0
378 4
379 1
380 5
381 4
382 4
383 0
384 0
385 2
386 0
387 0
388 0
389 3
390 5
391 0
392 3
393 0
394 0
395 5
396 1
397 0
398 3
399 0
400 4
401 3
402 5
403 5
404 0
405 0
406 0
407 0
408 0
409 0
410 2
411 0
412 2
413 0
414 6
415 5
416 3
417 1
418 4
419 3
420 0
421 4
422 5
423 3
424 4
425 2
426 1
427 0
428 1
429 3
430 4
431 4
432 1
433 1
434 6
435 0
436 4
437 0
438 4
439 0
440 2
441 6
442 3
443 0
444 0
445 6
446 2
447 0
448 5
449 6
450 3
451 2
452 3
453 4
454 6
455 2
456 4
457 6
458 0
459 4
460 2
461 0
462 0
463 2
464 3
465 2
466 2
467 3
468 3
469 0
470 6
471 2
472 2
473 2
474 0
475 5
476 0
477 2
478 6
479 6
480 0
481 4
482 6
483 2
484 3
485 3
486 6
487 0
488 4
489 0
490 2
491 3
492 2
493 5
494 0
495 3
496 0
497 4
498 3
499 3
500 2
501 0
502 2
503 0
504 0
505 0
506 2
507 4
508 4
509 1
510 3
511 3
512 0
513 3
514 4
515 3
516 0
517 4
518 4
519 0
520 0
521 1
522 4
523 5
524 0
525 4
526 0
527 0
528 0
529 0
530 5
531 0
532 3
533 3
534 6
535 4
536 0
537 5
538 5
539 6
540 6
541 6
542 0
543 6
544 0
545 0
546 5
547 0
548 2
549 4
550 4
551 2
552 2
553 0
554 2
555 4
556 4
557 3
558 3
559 2
560 4
561 0
562 2
563 2
564 2
565 2
566 2
567 2
568 2
569 4
570 0
571 4
572 0
573 3
574 4
575 2
576 0
577 3
578 6
579 0
580 6
581 6
582 6
583 6
584 3
585 1
586 0
587 0
588 2
589 0
590 0
591 4
592 0
593 6
594 6
595 0
596 4
597 1
598 1
599 0
600 0
601 2
602 5
603 6
604 0
605 0
606 5
607 0
608 0
609 0
610 0
611 0
612 6
613 0
614 4
615 4
616 0
617 0
618 4
619 3
620 0
621 2
622 0
623 3
624 4
625 0
626 0
627 0
628 0
629 6
630 0
631 0
632 3
633 2
634 6
635 4
636 2
637 3
638 4
639 3
640 4
641 3
642 3
643 6
644 2
645 3
646 3
647 3
648 0
649 6
650 2
651 0
652 1
653 2
654 1
655 0
656 2
657 2
658 5
659 0
660 4
661 3
662 0
663 0
664 0
665 0
666 0
667 0
668 0
669 1
670 6
671 2
672 4
673 0
674 0
675 1
676 0
677 0
678 0
679 6
680 0
681 5
682 2
683 6
684 3
685 0
686 6
687 0
688 2
689 5
690 6
691 2
692 4
693 0
694 0
695 4
696 0
697 3
698 0
699 2
700 4
701 0
702 0
703 0
704 3
705 0
706 4
707 1
708 0
709 0
710 4
711 3
712 5
713 3
714 5
715 3
716 0
717 5
718 0
719 0
720 0
721 5
722 4
723 3
724 0
725 3
726 0
727 5
728 5
729 3
730 0
731 0
732 4
733 2
734 2
735 1
736 0
737 0
738 2
739 2
740 4
741 0
742 3
743 5
744 5
745 0
746 0
747 0
748 3
749 2
750 2
751 0
752 6
753 0
754 0
755 5
756 1
757 5
758 5
759 3
760 6
761 4
762 4
763 0
764 5
765 5
766 0
767 4
768 3
769 5
770 0
771 0
772 3
773 2
774 0
775 2
776 3
777 3
778 4
779 0
780 5
781 5
782 0
783 6
784 0
785 6
786 4
787 3
788 3
789 5
790 4
791 4
792 4
793 5
794 4
795 4
796 0
797 0
798 4
799 6
800 5
801 6
802 3
803 5
804 2
805 0
806 6
807 2
808 0
809 0
810 0
811 5
812 0
813 5
814 0
815 5
816 0
817 6
818 6
819 6
820 0
821 0
822 4
823 0
824 6
825 6
826 0
827 3
828 0
829 0
830 0
831 6
832 0
833 5
834 0
835 6
836 4
837 1
838 3
839 0
840 0
841 3
842 2
843 2
844 5
845 0
846 5
847 4
848 4
849 1
850 3
851 3
852 3
853 4
854 5
855 3
856 5
857 6
858 6
859 4
860 5
861 4
862 6
863 0
864 0
865 4
866 0
867 0
868 2
869 3
870 2
871 3
872 0
873 0
874 0
875 2
876 4
877 1
878 0
879 2
880 5
881 0
882 2
883 6
884 4
885 4
886 0
887 4
888 3
889 3
890 0
891 3
892 3
893 1
894 3
895 3
896 3
897 3
898 3
899 0
900 5
901 6
902 5
903 4
904 3
905 3
906 0
907 0
908 0
909 3
910 5
911 4
912 0
913 3
914 0
915 3
916 0
917 3
918 0
919 0
920 0
921 0
922 6
923 6
924 4
925 0
926 4
927 6
928 6
929 3
930 0
931 4
932 4
933 2
934 5
935 5
936 2
937 6
938 5
939 0
940 5
941 5
942 5
943 5
944 3
945 3
946 0
947 6
948 0
949 0
950 3
951 6
952 3
953 5
954 3
955 4
956 5
957 4
958 5
959 5
960 1
961 5
962 0
963 1
964 5
965 5
966 5
967 4
968 0
969 3
970 5
971 3
972 5
973 3
974 5
975 0
976 3
977 4
978 0
979 0
980 0
981 6
982 5
983 6
984 6
985 3
986 6
987 3
988 2
989 0
990 0
991 6
992 6
993 3
994 6
995 5
996 3
997 1
998 3
999 3
1000 4
1001 6
1002 6
1003 4
1004 4
1005 0
1006 4
1007 1
1008 1
1009 5
1010 1
1011 1
1012 2
1013 3
1014 0
1015 3
1016 5
1017 0
1018 5
1019 4
1020 3
1021 0
1022 0
1023 0
1024 4
1025 4
1026 4
1027 4
1028 0
1029 3
1030 5
1031 0
1032 4
1033 6
1034 5
1035 5
1036 5
1037 0
1038 0
1039 6
1040 6
1041 0
1042 0
1043 0
1044 0
1045 2
1046 6
1047 6
1048 6
1049 1
1050 4
1051 0
1052 0
1053 4
1054 5
1055 0
1056 0
1057 0
1058 0
1059 0
1060 5
1061 1
1062 4
1063 5
1064 3
1065 5
1066 0
1067 0
1068 0
1069 5
1070 5
1071 1
1072 0
1073 1
1074 4
1075 0
1076 3
1077 5
1078 3
1079 0
1080 0
1081 1
1082 1
1083 3
1084 6
1085 1
1086 3
1087 3
1088 0
1089 6
1090 0
1091 0
1092 4
1093 0
1094 0
1095 4
1096 5
1097 3
1098 5
1099 5
1100 0
1101 6
1102 1
1103 0
1104 4
1105 4
1106 5
1107 6
1108 3
1109 4
1110 5
1111 6
1112 0
1113 5
1114 5
1115 0
1116 0
1117 5
1118 0
1119 0
1120 0
1121 6
1122 6
1123 6
1124 4
1125 6
1126 6
1127 5
1128 3
1129 0
1130 5
1131 5
1132 4
1133 3
1134 5
1135 4
1136 5
1137 2
1138 6
1139 5
1140 5
1141 3
1142 5
1143 5
1144 0
1145 0
1146 0
1147 3
1148 6
1149 0
1150 0
1151 1
1152 6
1153 5
1154 6
1155 6
1156 3
1157 0
1158 3
1159 5
1160 4
1161 4
1162 3
1163 6
1164 4
1165 1
1166 4
1167 5
1168 3
1169 0
1170 4
1171 0
1172 3
1173 4
1174 4
1175 5
1176 0
1177 1
1178 5
1179 0
1180 1
1181 4
1182 1
1183 2
1184 5
1185 4
1186 3
1187 4
1188 0
1189 4
1190 0
1191 4
1192 2
1193 2
1194 6
1195 0
1196 0
1197 4
1198 4
1199 4
1200 0
1201 3
1202 2
1203 0
1204 5
1205 5
1206 5
1207 5
1208 1
1209 6
1210 6
1211 0
1212 6
1213 2
1214 6
1215 6
1216 5
1217 2
1218 5
1219 5
1220 0
1221 5
1222 0
1223 4
1224 5
1225 5
1226 1
1227 4
1228 2
1229 0
1230 5
1231 5
1232 5
1233 6
1234 1
1235 4
1236 4
1237 4
1238 4
1239 0
1240 3
1241 3
1242 0
1243 0
1244 1
1245 0
1246 0
1247 0
1248 6
1249 5
1250 0
1251 0
1252 0
1253 2
1254 0
1255 3
1256 1
1257 5
1258 0
1259 1
1260 4
1261 5
1262 0
1263 6
1264 5
1265 0
1266 0
1267 4
1268 3
1269 4
1270 4
1271 1
1272 0
1273 4
1274 5
1275 1
1276 3
1277 5
1278 6
1279 5
1280 4
1281 0
1282 0
1283 0
1284 0
1285 0
1286 5
1287 3
1288 3
1289 0
1290 4
1291 3
1292 1
1293 0
1294 3
1295 0
1296 4
1297 1
1298 0
1299 5
1300 0
1301 1
1302 6
1303 5
1304 6
1305 5
1306 4
1307 0
1308 3
1309 4
1310 4
1311 5
1312 1
1313 0
1314 2
1315 0
1316 2
1317 6
1318 0
1319 5
1320 0
1321 0
1322 4
1323 0
1324 3
1325 5
1326 3
1327 1
1328 0
1329 4
1330 5
1331 5
1332 5
1333 5
1334 5
1335 3
1336 3
1337 4
1338 3
1339 4
1340 0
1341 0
1342 0
1343 4
1344 6
1345 6
1346 0
1347 3
1348 6
1349 2
1350 6
1351 5
1352 0
1353 5
1354 6
1355 6
1356 0
1357 3
1358 4
1359 0
1360 4
1361 4
1362 5
1363 4
1364 4
1365 0
1366 0
1367 6
1368 6
1369 5
1370 1
1371 5
1372 3
1373 0
1374 0
1375 3
1376 2
1377 6
1378 2
1379 5
1380 5
1381 3
1382 0
1383 0
1384 0
1385 6
1386 4
1387 0
1388 4
1389 0
1390 4
1391 5
1392 5
1393 3
1394 0
1395 5
1396 5
1397 3
1398 0
1399 0
1400 4
1401 6
1402 0
1403 3
1404 5
1405 0
1406 0
1407 6
1408 5
1409 5
1410 5
1411 0
1412 6
1413 6
1414 3
1415 3
1416 6
1417 0
1418 0
1419 3
1420 6
1421 0
1422 0
1423 0
1424 5
1425 3
1426 6
1427 3
1428 1
1429 1
1430 0
1431 0
1432 5
1433 4
1434 1
1435 0
1436 3
1437 3
1438 2
1439 5
1440 2
1441 5
1442 1
1443 2
1444 4
1445 1
1446 0
1447 2
1448 6
1449 4
1450 0
1451 0
1452 0
1453 6
1454 0
1455 5
1456 4
1457 0
1458 3
1459 2
1460 4
1461 0
1462 0
1463 3
1464 0
1465 6
1466 5
1467 5
1468 4
1469 4
1470 0
1471 0
1472 0
1473 5
1474 5
1475 6
1476 5
1477 0
1478 3
1479 3
1480 0
1481 5
1482 4
1483 6
1484 4
1485 0
1486 1
1487 0
1488 0
1489 1
1490 0
1491 4
1492 4
1493 0
1494 0
1495 5
1496 6
1497 6
1498 6
1499 0
1500 4
1501 0
1502 3
1503 3
1504 3
1505 4
1506 3
1507 3
1508 0
1509 0
1510 4
1511 0
1512 3
1513 6
1514 4
1515 2
1516 5
1517 0
1518 5
1519 1
1520 0
1521 4
1522 4
1523 5
1524 0
1525 3
1526 0
1527 3
1528 1
1529 2
1530 5
1531 6
1532 3
1533 5
1534 6
1535 6
1536 5
1537 6
1538 0
1539 1
1540 2
1541 5
1542 6
1543 3
1544 5
1545 3
1546 2
1547 0
1548 3
1549 3
1550 4
1551 0
1552 6
1553 6
1554 6
1555 3
1556 6
1557 2
1558 5
1559 0
1560 2
1561 4
1562 0
1563 5
1564 0
1565 5
1566 4
1567 4
1568 6
1569 1
1570 6
1571 5
1572 5
1573 2
1574 6
1575 5
1576 4
1577 5
1578 1
1579 0
1580 5
1581 2
1582 3
1583 0
1584 6
1585 2
1586 4
1587 1
1588 5
1589 2
1590 5
1591 0
1592 0
1593 3
1594 5
1595 4
1596 1
1597 6
1598 5
1599 2
1600 0
1601 0
1602 3
1603 5
1604 0
1605 4
1606 0
1607 4
1608 3
1609 1
1610 0
1611 5
1612 0
1613 3
1614 3
1615 0
1616 2
1617 6
1618 4
1619 3
1620 1
1621 6
1622 1
1623 0
1624 3
1625 2
1626 6
1627 1
1628 5
1629 0
1630 0
1631 5
1632 2
1633 0
1634 0
1635 6
1636 6
1637 0
1638 5
1639 0
1640 6
1641 3
1642 6
1643 2
1644 0
1645 0
1646 5
1647 4
1648 6
1649 2
1650 5
1651 1
1652 0
1653 6
1654 3
1655 0
1656 0
1657 0
1658 4
1659 0
1660 3
1661 4
1662 5
1663 5
1664 0
1665 6
1666 3
1667 0
1668 0
1669 4
1670 5
1671 4
1672 0
1673 5
1674 6
1675 5
1676 0
1677 0
1678 4
1679 1
1680 6
1681 3
1682 3
1683 4
1684 1
1685 5
1686 1
1687 2
1688 5
1689 5
1690 5
1691 5
1692 4
1693 2
1694 5
1695 6
1696 5
1697 0
1698 6
1699 6
1700 0
1701 0
1702 4
1703 2
1704 0
1705 4
1706 6
1707 6
1708 4
1709 0
1710 0
1711 2
1712 4
1713 3
1714 3
1715 5
1716 3
1717 5
1718 0
1719 5
1720 1
1721 1
1722 3
1723 3
1724 0
1725 0
1726 1
1727 4
1728 5
1729 5
1730 5
1731 3
1732 0
1733 3
1734 5
1735 6
1736 5
1737 5
1738 5
1739 4
1740 5
1741 2
1742 3
1743 5
1744 0
1745 5
1746 0
1747 3
1748 4
1749 3
1750 1
1751 0
1752 6
1753 0
1754 2
1755 0
1756 5
1757 3
1758 2
1759 3
1760 0
1761 3
1762 4
1763 0
1764 3
1765 3
1766 0
1767 2
1768 2
1769 5
1770 0
1771 5
1772 0
1773 0
1774 0
1775 5
1776 1
1777 3
1778 0
1779 2
1780 2
1781 1
1782 2
1783 3
1784 5
1785 5
1786 4
1787 0
1788 0
1789 0
1790 5
1791 2
1792 4
1793 0
1794 0
1795 0
1796 5
1797 5
1798 0
1799 5
1800 3
1801 0
1802 3
1803 3
1804 6
1805 6
1806 0
1807 5
1808 4
1809 6
1810 0
1811 0
1812 0
1813 0
1814 0
1815 0
1816 2
1817 0
1818 0
1819 1
1820 0
1821 0
1822 0
1823 4
1824 4
1825 0
1826 5
1827 4
1828 2
1829 3
1830 6
1831 5
1832 5
1833 4
1834 5
1835 4
1836 5
1837 1
1838 3
1839 5
1840 5
1841 2
1842 3
1843 6
1844 2
1845 2
1846 0
1847 0
1848 4
1849 1
1850 5
1851 0
1852 3
1853 4
1854 6
1855 6
1856 3
1857 3
1858 4
1859 2
1860 6
1861 4
1862 4
1863 4
1864 6
1865 0
1866 0
1867 0
1868 3
1869 0
1870 3
1871 0
1872 5
1873 0
1874 0
1875 4
1876 3
1877 6
1878 5
1879 0
1880 5
1881 1
1882 6
1883 5
1884 0
1885 0
1886 0
1887 0
1888 4
1889 0
1890 5
1891 0
1892 6
1893 0
1894 3
1895 0
1896 0
1897 4
1898 3
1899 3
1900 3
1901 3
1902 0
1903 0
1904 6
1905 5
1906 3
1907 3
1908 3
1909 3
1910 3
1911 5
1912 0
1913 3
1914 0
1915 0
1916 0
1917 5
1918 4
1919 1
1920 0
1921 5
1922 3
1923 0
1924 4
1925 5
1926 3
1927 0
1928 0
1929 0
1930 5
1931 5
1932 0
1933 3
1934 3
1935 0
1936 5
1937 3
1938 3
1939 0
1940 5
1941 3
1942 3
1943 5
1944 1
1945 3
1946 5
1947 0
1948 0
1949 0
1950 5
1951 6
1952 0
1953 0
1954 2
1955 1
1956 1
1957 2
1958 5
1959 5
1960 0
1961 1
1962 4
1963 1
1964 4
1965 5
1966 0
1967 4
1968 0
1969 2
1970 0
1971 5
1972 3
1973 5
1974 0
1975 2
1976 6
1977 3
1978 3
1979 2
1980 5
1981 0
1982 3
1983 3
1984 5
1985 5
1986 4
1987 6
1988 3
1989 6
1990 0
1991 3
1992 3
1993 3
1994 3
1995 3
1996 0
1997 0
1998 0
1999 5
2000 3
2001 5
2002 3
2003 5
2004 4
2005 4
2006 4
2007 2
2008 3
2009 1
2010 6
2011 4
2012 4
2013 0
2014 2
2015 4
2016 3
2017 3
2018 2
2019 0
2020 0
2021 0
2022 3
2023 0
2024 0
2025 3
2026 0
2027 2
2028 4
2029 0
2030 5
2031 4
2032 1
2033 0
2034 3
2035 6
2036 4
2037 6
2038 6
2039 5
2040 4
2041 0
2042 0
2043 0
2044 0
2045 1
2046 0
2047 5
2048 6
2049 0
2050 0
2051 2
2052 6
2053 4
2054 4
2055 5
2056 0
2057 6
2058 5
2059 4
2060 6
2061 6
2062 6
2063 3
2064 3
2065 5
2066 4
2067 4
2068 0
2069 3
2070 1
2071 6
2072 0
2073 4
2074 6
2075 6
2076 3
2077 5
2078 3
2079 1
2080 4
2081 3
2082 5
2083 0
2084 0
2085 0
2086 5
2087 5
2088 3
2089 5
2090 0
2091 6
2092 4
2093 0
2094 3
2095 0
2096 1
2097 3
2098 4
2099 4
2100 1
2101 5
2102 5
2103 5
2104 5
2105 0
2106 1
2107 0
2108 3
2109 0
2110 4
2111 5
2112 0
2113 4
2114 3
2115 3
2116 5
2117 0
2118 2
2119 0
2120 0
2121 0
2122 6
2123 6
2124 0
2125 0
2126 1
2127 3
2128 6
2129 0
2130 5
2131 6
2132 1
2133 5
2134 4
2135 0
2136 3
2137 6
2138 3
2139 5
2140 3
2141 4
2142 1
2143 0
2144 3
2145 4
2146 4
2147 0
2148 3
2149 1
2150 2
2151 6
2152 5
2153 3
2154 0
2155 0
2156 4
2157 6
2158 1
2159 3
2160 3
2161 3
2162 0
2163 1
2164 3
2165 5
2166 3
2167 3
2168 4
2169 3
2170 5
2171 1
2172 4
2173 5
2174 2
2175 5
2176 0
2177 5
2178 0
2179 2
2180 4
2181 0
2182 4
2183 2
2184 6
2185 0
2186 0
2187 0
2188 1
2189 1
2190 1
2191 0
2192 5
2193 5
2194 1
2195 1
2196 5
2197 4
2198 4
2199 5
2200 5
2201 0
2202 5
2203 0
2204 5
2205 5
2206 5
2207 2
2208 3
2209 2
2210 4
2211 5
2212 0
2213 1
2214 0
2215 6
2216 5
2217 1
2218 0
2219 3
2220 5
2221 3
2222 2
2223 0
2224 0
2225 4
2226 5
2227 0
2228 0
2229 1
2230 0
2231 6
2232 5
2233 0
2234 3
2235 3
2236 0
2237 5
2238 5
2239 0
2240 1
2241 3
2242 3
2243 0
2244 6
2245 6
2246 4
2247 0
2248 5
2249 5
2250 5
2251 5
2252 5
2253 1
2254 5
2255 5
2256 0
2257 5
2258 0
2259 5
2260 0
2261 5
2262 0
2263 0
2264 5
2265 5
2266 3
2267 5
2268 0
2269 5
2270 0
2271 5
2272 0
2273 4
2274 5
2275 0
2276 6
2277 5
2278 0
2279 0
2280 5
2281 0
2282 1
2283 0
2284 0
2285 3
2286 5
2287 3
2288 3
2289 6
2290 1
2291 1
2292 3
2293 3
2294 6
2295 5
2296 5
2297 4
2298 5
2299 6
2300 1
2301 3
2302 5
2303 6
2304 0
2305 2
2306 0
2307 0
2308 6
2309 2
2310 6
2311 3
2312 1
2313 3
2314 0
2315 4
2316 5
2317 5
2318 3
2319 6
2320 4
2321 0
2322 0
2323 3
2324 4
2325 0
2326 4
2327 4
2328 2
2329 4
2330 5
2331 4
2332 5
2333 4
2334 5
2335 0
2336 0
2337 0
2338 6
2339 1
2340 0
2341 3
2342 4
2343 3
2344 0
2345 4
2346 4
2347 5
2348 3
2349 0
2350 4
2351 0
2352 0
2353 5
2354 4
2355 0
2356 4
2357 0
2358 0
2359 6
2360 4
2361 5
2362 3
2363 5
2364 6
2365 1
2366 3
2367 4
2368 2
2369 6
2370 0
2371 6
2372 6
2373 0
2374 0
2375 3
2376 0
2377 3
2378 0
2379 5
2380 3
2381 0
2382 0
2383 0
2384 3
2385 0
2386 0
2387 0
2388 0
2389 3
2390 0
2391 4
2392 5
2393 0
2394 0
2395 6
2396 5
2397 0
2398 6
2399 6
2400 0
2401 3
2402 5
2403 6
2404 3
2405 0
2406 2
2407 5
2408 2
2409 0
2410 0
2411 2
2412 2
2413 0
2414 0
2415 6
2416 3
2417 3
2418 4
2419 3
2420 3
2421 3
2422 0
2423 4
2424 1
2425 3
2426 1
2427 0
2428 3
2429 5
2430 2
2431 1
2432 2
2433 0
2434 3
2435 0
2436 1
2437 2
2438 0
2439 0
2440 0
2441 1
2442 2
2443 3
2444 2
2445 0
2446 5
2447 6
2448 0
2449 1
2450 1
2451 5
2452 0
2453 2
2454 0
2455 4
2456 3
2457 0
2458 3
2459 0
2460 3
2461 3
2462 3
2463 3
2464 3
2465 6
2466 6
2467 4
2468 3
2469 0
2470 5
2471 6
2472 2
2473 6
2474 3
2475 4
2476 4
2477 0
2478 5
2479 5
2480 2
2481 4
2482 6
2483 4
2484 6
2485 2
2486 0
2487 4
2488 3
2489 6
2490 5
2491 0
2492 3
2493 1
2494 2
2495 4
2496 0
2497 0
2498 0
2499 0
2500 0
2501 0
2502 6
2503 0
2504 5
2505 0
2506 3
2507 0
2508 4
2509 4
2510 3
2511 4
2512 5
2513 0
2514 3
2515 5
2516 5
2517 0
2518 5
2519 5
2520 6
2521 5
2522 0
2523 0
2524 3
2525 3
2526 0
2527 1
2528 4
2529 3
2530 0
2531 3
2532 3
2533 0
2534 1
2535 0
2536 2
2537 0
2538 0
2539 1
2540 0
2541 5
2542 0
2543 3
2544 6
2545 0
2546 3
2547 6
2548 4
2549 0
2550 1
2551 2
2552 0
2553 0
2554 5
2555 4
2556 6
2557 0
2558 3
2559 3
2560 4
2561 3
2562 0
2563 5
2564 5
2565 6
2566 3
2567 0
2568 6
2569 0
2570 0
2571 0
2572 0
2573 3
2574 0
2575 3
2576 0
2577 3
2578 3
2579 0
2580 4
2581 6
2582 0
2583 4
2584 0
2585 6
2586 2
2587 1
2588 3
2589 1
2590 3
2591 1
2592 3
2593 6
2594 0
2595 0
2596 3
2597 6
2598 5
2599 0
2600 5
2601 0
2602 1
2603 0
2604 5
2605 6
2606 0
2607 6
2608 0
2609 1
2610 0
2611 0
2612 0
2613 5
2614 6
2615 0
2616 6
2617 1
2618 4
2619 0
2620 3
2621 0
2622 6
2623 4
2624 5
2625 0
2626 6
2627 4
2628 2
2629 2
2630 5
2631 0
2632 0
2633 4
2634 3
2635 6
2636 1
2637 5
2638 5
2639 0
2640 1
2641 5
2642 0
2643 5
2644 4
2645 6
2646 5
2647 2
2648 0
2649 1
2650 1
2651 4
2652 6
2653 4
2654 3
2655 2
2656 6
2657 4
2658 6
2659 5
2660 3
2661 3
2662 0
2663 1
2664 5
2665 6
2666 2
2667 5
2668 1
2669 3
2670 0
2671 0
2672 0
2673 5
2674 0
2675 4
2676 0
2677 3
2678 0
2679 3
2680 0
2681 0
2682 3
2683 0
2684 0
2685 4
2686 0
2687 2
2688 5
2689 4
2690 4
2691 0
2692 6
2693 3
2694 4
2695 4
2696 4
2697 3
2698 3
2699 3
2700 3
2701 0
2702 5
2703 5
2704 5
2705 5
2706 6
2707 0
